40960:72617,68379,89139,5565
16388:14314,17,542,518,616,8,289,302,654,61
24581:650,17,70,302,654,616,58,76,8,84
7:17,654,112580,302,84,58,616,1102,29,354
8200:17,302,354,654,84,58,616,29,8,1102
32780:26641,75123,1091,69916,84984,1539,21005,46704,3704,1208
8206:3347,66983,120221,8409,103001,14154,17740,86151,120467,55433
24591:55474,79552,122500,94214,26121,105209,49678,115565,83002,98578
18:18,14035,115956,17653,63338,17123,7905,27705,20581,6773
19:20,19480,59083
8217:616,17,58,61,654,302,8,542,15,29
16411:698,840,157,3196,17,2548,10541,1205,5111,76
32773:14237,18287,13051,17,76,224,81,2139,2275,616
8224:41109,69744,83690,87103,90315,92855,106327,111812,17,8
8225:1827,2403,2714,774,2696,1524,970,3207,3506,245
8227:2980,245,17,1267,8,518,4798,61,103,542
36:3460,33031,80992,88545,104197,109728,17,302,654,616
37:2324,17703,24452,55886,59387,83322,86424,88783,93946,94581
16422:30911,49338,57800,25154,9092,33677,33804,1178,17773,26253
27313:39501,641,30600,100110,15503,122517,74650,20001,93092,47143
41:11686,33647,45068,77404,87268,110340,111236,14202,77149,61548
42:42764,104781,116073,62137,25923,96822,7451,29980,83184,10015
43:70,17,1119,302,654,616,76,58,226,8
44:22642,31547,41389,45346,50775,57374,65325,69574,74005,85400
45:670,46,76,347,68416,16995,54551,17,564,38891
46:29184,44693,48353,48971,67708,70561,74591,78165,78294,86349
24623:24547,83875,21666,26176,48613
37753:6901,6303,76,698,564,17,2139,70,616,40
12296:2162,17,875,119,899,1187,48,1119,6450,84
32819:51687
8245:9354,76,53970,78612,95216,111786,10503,17,81,8454
32822:99851,29003,3157
24631:1558,17,616,58,654,302,8,564,32,650
59:14120,32450,32869,35824,41829,51313,60853,75512,99893,100943
60:17,13899,38307,54580,89167,302,654,49814,58,616
16447:17,302,866,654,354,301,84,58,616,29
16449:34076,19657,53600,14884,47294,115269,26886,45447,95752,17440
24642:34054,67852,90592,85509,74759,53258,69132,42512,77841,117270
24643:301,17,654,302,58,84,616,354,8,29
69:66966,92201,93445,94153,111745,55360,71695,60437,55234,99715
70:17,25441,58480,82058,866,71,8535,24212,24611,35439
8263:50740,8476,39003,110137,91897
8264:3631,12872,17,542,33497,111401,83247,5356,616,302
24649:1353,21,616,17,245,61,302,34531,15,54
32843:219,245,19337,17,94,15,75311,113001,115709,115814
13666:76,17,302,616,654,58,564,650,8,84
8270:301,17,654,302,58,616,84,1790,102919,9396
50740:98817,87231,60954,7445,81919
16465:2092,2547,112820,51630,108362,44927,20202,77272,37332,67812
16467:1930,17,654,302,616,76,58,542,650,9431
8276:302,17,654,29,58,616,354,84,70,8
19129:94764,8342
24664:34112,37072,41446
16474:654,17,302,58,616,29,84,1102,8,354
24668:7210,17,654,61,302,616,301,58,322,6
8285:2326,17,302,58,616,654,542,518,8,15
94:100361,22564,4199,43177,27269,42297,19647,37203,45512,65883
8287:81,66597,39131,99748,113820,53527,119564,69491,84944,31072
24673:566,26752,15232,45163,21893,3718,12679,6664,66623,29068
8290:749,17,302,654,29,58,84,116,70,8
30054:45409,3330,52331,262,85420,47114,98571,71042,89615,100623
20497:87034,1091,175,79575,22108,17501,6495,50658,110864,48531
106:10696,59023,92070,6737,51331,108045,92739,53076,36160,27868
16493:10094,245,15510,131,301,1267,2955,33552,17,119
16495:3704,908,17,947,84,8,508,245,302,518
115:8433,94382,114885,18274,20566,85180,38239,83964,84281,8991
116:115,34782,56886,56894,78548,81,17,17388,84196,2139
41077:92449,91079,96264,115945,4204,28495,88657,84723,11573,74941
8310:533,1397,2510,9054,4889,50016,14268,24410,60044,3177
24695:568,17,302,654,58,616,29,76,650,8
41080:47360,29486,61,616,654,861,63358,20288,30723,28681
8314:8535,73800,82058,2063,17,24212,23183,38434,24611,3878
32893:719,168,760,1867,984,76,661,1400,5480,2153
24702:5150,1410,827,1205,3938,508,8,698,70,500
41089:1693,58,616,17,302,654,650,29,542,8
16515:81,986,17,226,2967,61382,1749,70,76,780
8325:1476,302,17,654,1614,58,616,29,8,650
8326:17,8550,40003,57287,57687,85476,96737,102500,114022,302
16522:17,866,302,654,542,616,361,58,736,76
24715:716,1119,1187,61742,245,891,249,518,899,34223
16524:19783,26235,25936,22105,3246,1002,24431,65932,94992,22931
16525:40,1069,2414,17,76,564,616,302,654,58
142:10190,11766,31167,32301,35532,42341,51950,55681,71109,74930
143:21533,89881,139,86747,3231,394,483,22528,1196,1549
8336:8560,101865
16530:17,94,1410,4268,245,302,654,616,15,8
15043:17551,38720,72449,62410,111692,4813,68462,65552,115129,44852
148:49586,68879,72004,77054,81054,85970,17,48918,65072,81
24725:86419,6487
150:616,58,17,76,302,654,224,650,8,29
8343:17,13799,30488,45510,92512,95152,95498,102992,112801,302
32921:3250,39936,11401,62840,17,302,654,42061,11841,58
8347:17,302,654,58,84,616,1102,29,8,650
156:14577,18603,20384,22807,39273,46140,63159,75228,82931,87078
41119:73017
8352:17,508,73560,616,302,654,76,327,58,65
161:49871,57570,70943,17,10740,5411,47669,63008,89079,91604
16552:4971,18708,8,17,58,616,45,62,65,84
16553:17,899,48,302,2162,947,1187,654,84,1023
16554:17,2030,302,182,616,654,58,4268,146,8
171:166,30641,55110,80493,98852,100040,17,654,58,302
172:27823,33769,83442,85682,95527,98892,17,29794,15093,22007
174:45977,8,518,117,245,296,431,654,483,873
8368:58,17,654,302,616,363,29,8,84,76
177:21915,100030,104626,302,17,654,58,616,27362,172
43721:80294,20072
16568:4664,1382,116709,19860,103776,103331,64634,508,1023,38574
32953:52038
32955:224,17,182,302,356,616,654,58,650,8
8380:76,81,37442,61360,70671,91012,17,336,302,33986
30481:81,226,17,70,76,302,616,58,654,8
20465:542,17,616,302,654,58,15,518,8,564
196:17164,17,650,3476,4578,15087,15569,16041,16612,28213
50411:616,17,58,302,654,8,861,29,76,84
24775:8064,34356,17651,11810,58494,21124,59015,23688,14071,26382
53476:1175,12617,17,44547,99359,90233,385,2946,4996,518
19148:669,8322,17,24933,16965,51232,13077,30815,32794,41032
202:196,39232,85756,85918,96086,97972,114294,71952,27827,38582
8396:654,17,302,64681,68409,100593,29,84,58,616
8401:17,302,29,654,866,58,84,616,8,76
24786:1435,508,17,1644,8,76,891,70,81,226
211:931,98749,108682,121635,57144,17,1539,75656,24351,25026
33443:53256,236,17,6,4268,554,45,101,3731,285
8406:302,17,84,654,616,99531,58,8,518,1102
25977:4755,1527,2880,1352,3107,10041,3172,189,4825,371
32984:4292,4257,17,245,472,616,103,15,518,1126
217:17,61,40104,118564,616,518,654,302,568,8
32986:52119,102784,98184,121483,118829,113937,29203,10134,31138,39333
8411:17,302,654,84,58,616,8,29,1102,76
220:3378,36743,32261,11408,10178,40483,216,186,22713,7649
8413:2060,17,302,409,15,616,58,542,32,650
223:19222,48434,67233,85611,120083,85565,17,6747,559,43967
224:3514,4797,353,1951,17,518,245,8,84,654
225:17,302,3476,616,654,353,650,58,8,4186
32994:52146,16596
228:866,17,302,62,654,616,356,650,58,62699
229:20798,121042,30209,4186,63513,119173,113827,19346,17,6931
231:17,302,650,654,564,616,58,736,508,8
232:228,87404,55056,48256,102080,60930,24068,113712,58761,77322
25922:2028,2715,1002,245,441,18370,1744,710,4268,1784
16641:84,17,302,1102,8,654,119,518,616,58
238:8862,9416,45837,47024,49392,49682,51631,58428,60877,65202
27180:5277,58,302,901,2414,429,650,654,1475,118231
31105:5663,1400,262,168,76,698,984,719,81,5480
241:8481,11495,32519,37669,41730,47335,58019,58443,63780,68270
8435:23893,3913,33778
16628:103,17,674,616,654,302,58,15,542,61
245:242,81,262,16786,508,650,780,3137,5767,3939
24617:81,17,780,58,76,262,302,226,616,654
18005:22103,49680,115745,65107,35486
249:17,866,302,354,245,654,361,616,109078,58
250:17,95080,101365,103975,110626,302,76,616,654,285
18496:10902,168,463,719,984,8733,574,1013,1230,1400
253:238,17,4755,28692,57347,62472,1352,616,429,76
16639:168,984,463,719,1400,5557,5480,135,8860,661
16640:17,616,36568,37417,47096,53227,53474,81187,99311,111932
257:30444,17,28213,302,15087,15569,16612,31498,52482,59661
8450:71317,8702,1686,37804,1711,13266,18803,72579,29837,1550
16643:5117,5287,17,245,6207,616,103,15,542,8
24839:116660
45129:84373,57216,115968,42245,110933,67978,100134,114605,56592,106002
41226:20636,73305,90305,60192,91493,30349,13198,34942,101688,11933
41227:17,84,302,866,654,8,58,616,1102,29
33561:53529,22018,68052,103264,73498,80357,28594,83913,83430,98307
24846:10084,787,8,45419,17,302,49643,1468,84,393
272:17,302,84,654,58,616,1102,8,29,354
273:11764,19415,34672,45389,48652,66524,68219,70730,89730,111895
33043:302,17,654,58,29,616,84,8,76,650
43927:42095,1361,23365,8077,7024,33176,8153,44479,44862,6559
33045:52240,108571,302,114006,1030,13832,59913,2570,11789,15
16666:78073,34605,122332,118783,84927,95078,74385,43753,63242,65613
16667:11973,2548,17,3307,245,353,1002,76,58,70
8476:1240,302,58,654,17,29,616,8730,356,650
8477:76,17,564,650,110864,302,616,245,654,58
49438:4461,32472,90123,52729,18502,102858,24876,24848,58390,55486
25989:8322,669,30815,9674,51232,24933,16965,13077,37112,4409
288:26934,94352,110361,17,302,654,19822,26565,33386,33905
290:70,17,508,1023,302,654,1462,616,138,84
291:8,17,84,518,302,616,654,58,1102,8213
292:5151,17,88330,113320,4186,302,58487,113827,2170,6931
17798:18530,58555,41365,262,17,76,1164,3955,719,2265
294:17,654,616,58,302,84,518,650,8,29
16679:7044,15298,12905,5122,83851,73837,273,29205,4441,669
49450:13832,429,17,8,285,375,1023,15,58,62
8491:38894,8750,9499,113249,78481,1888,140,2200,496,12790
41261:11910,19871,7105,28129,6503,7021,17646,41392,67914,120372
26197:1402,17,616,302,8,518,81,542,873,1099
35289:85222,7859
30088:899,17,48,1187,302,2162,84,654,70,354
8499:17,873,1410,378,302,616,654,8,58,518
8500:986,4455,69653,106018,106663,109433,111694,111807,40992,82118
46473:398,17,302,616,8,654,84,58,76,542
31653:157,840,3196,2548,10541,27070,5111,8069,197,17
25994:73287,116139,95755,18958,70673,14354,100884,18966,87069,63026
8510:7059,17,518,5749,61,302,245,616,58,84
8513:9036,28372,32152,50162,50709,55531,57928,59726,67630,72139
8517:8787,864,50655,57092,58755,106647,86968,56299,25041,29782
16710:15,17,616,654,302,58,999,542,518,8
15073:859,17,654,302,616,58,29,650,542,15
328:17,302,654,84,58,616,8,29,1102,76
1420:17,84,302,104017,654,1102,616,58,138,301
16714:76,17,358,302,40,616,654,58,564,650
331:17,29,654,302,616,58,61,322,8,15
24908:1330,17,616,654,76,302,650,58,138,84
24909:76,70,17,226,302,654,616,58,564,650
41297:2955,17,245,4268,131,518,15,8,119,94
8530:112021,17,616,302,654,58,29,30947,6,59783
8531:17,654,616,302,84,58,111281,518,112325,8
33108:5738,168,1326,76,719,1528,984,1460,226,297
24917:20710,3594,51044,29701,114983,18321,2162,1600,26380,899
8534:9289,398,8209,17,4941,8321,226,3372,87324,76
8536:17,429,4755,616,8,1208,654,2018,302,58
345:11841,42061,337,1754,77581,11401,62840,385,805,39936
46975:112439,78507,63877,95622,18567,7816,105324,39562,85556,122392
41310:1276,17,2669,616,8,302,650,654,542,76
41019:72756,87490,33124,111946,4108,48850,114419,75127,98532,56795
31462:521,6545,17,70,2312,138,226,302,76,508
41703:87013,23494,43008,10246,8,30730,15,8208,4113,6165
10968:1196,616,17,654,58,302,542,564,8,518
8552:8830,22178,811
361:17,302,654,1090,51271,78659,97745,98086,84,58
33837:54125,52321,54658,60709,49386,88888,12722,25464
24943:15436,25366,36323,18939,5125,44578,37961,44131,20567,64200
33136:650,17,363,302,616,654,58,76,8,29
24945:34696,52323,100937,83625,104119,1069,61327,18600,119156,79349
24947:1795,17,616,84,8,654,302,58,363,15
24949:866,17,302,654,58,616,361,29,84,76
376:654,17,302,58,616,29,162,239,84,8
8569:4755,378,3107,2880,1352,1527,3172,4825,10041,17
19097:2848,2265,76,654,1913,58,17,616,302,564
33149:654,17,302,1119,1187,2162,58,84,616,899
33151:1701,33504,35355,69909,6156,61,70,52930,107384,986
384:14088,57269,81126,82917,103199,106612,17,58,43386,72351
47248:19350,23911,86058,99983,86808,66812
8578:9045,106,14152,2816,1957,84,4481,17,518,616
47851:7907,12439,14220,47000,10258,7809,1345,17800,24893,658
8581:238,66180,71217,40565,12920,79338,68744,120546,121153,90266
8582:17,302,654,58,616,17164,1567,84,29,63513
16775:12637,13960,88524,9354,48208,49329,64,3041,67574,10246
16776:17,302,301,654,58,84,616,8,29,354
56215:3994,8654,32728,692,654,29,302,8651,10496,82987
27373:17,302,654,84,58,616,8,29,354,1102
401:39914,58240,59282,71840,96213,113599,17,19431,14260,53421
402:17,19933,616,302,58,654,16056,28213,22313,23660
20547:225,17,429,616,654,8,302,76,542,58
24981:17,302,654,58,616,84,354,29,138,8
46489:119025,45056,102401,112140,80902,50696,73737,79371,89100,5137
8600:2121,17,302,8,84,616,654,70,873,58
12356:1382,17,1551,302,616,8,654,508,518,58
410:564,17,736,73660,82433,101738,76,302,616,168
8603:908,6503,17,25937,947,2950,84,8,302,15921
16796:14670,121398,74118,27309,20186,21679,12781,30808,41588,22110
33181:70,17,302,239,654,616,58,29,84,226
16799:508,2139,17,76,302,616,8,654,58,564
27292:90272,39443,120625,58939,69756,56269,46849,93543,4202,2950
39379:53694,17806,68271,88835,29956,9348,64008,115628,11914,95255
35691:58589,33281,66562,53763,35844,54278,14855,82946,96782,75793
24999:34797,91137,109063,12296,5642,35339,89618,121365,106532,55853
25000:17,302,654,542,616,58,84,8,29,76
24647:81,17,780,58,76,262,302,226,616,654
16812:2275,3599,4292,168,10267,9417,17,719,76,564
47858:92680,95307,35521,33642
16815:81,101827,6394,21966,17,51546,35574,36014,102029,36908
33201:52622,22562,98371,71460,56037,68807,40,73898,83308,58274
25011:482,17,866,361,654,29,302,58,616,61
33206:52628,122624,78263,111240,67466,102039,11917,74766,60695,36122
33207:52632,14113,4646
35572:285,17,302,654,58,616,29,76,84,650
41402:32031,10041,1352,4755,12990,8848,3172,1712,189,6434
8635:361,17,190,866,302,654,58,616,76,29
8636:76,17,70,226,354,302,654,616,58,84
8637:100041,33281,66562,53763,35844,54278,14855,82946,96782,75793
27381:69953,45675,39662,74565,22511,8465,33432,6491
448:17532,16207,34941,61594,87902,91404,92454,110038,51765,81553
449:5910,17204,17499,20274,40687,56234,73461,75337,90001,97429
450:18612,86805,116437,79486,46057,50374,18307,52434,24670,50619
20555:26372,302,58,268,861,902,1305,1403,1804,3539
452:1097,445,67031,67959,101487,3296,106188,76299,47527,114100
43766:1164,17,2139,76,1099,500,564,873,1410,8
16838:77413,1256,32713,118827,30156,66560,15873,46942,15875,518
16839:302,654,17,58,616,29,226,84,76,8
43933:6677,70,17,81,650,508,1109,11813,40,76
20556:669,8322,24933,16965,17841,34877,94353,23923,17,24854
8651:17,899,302,654,48,84,1187,616,58,8
25036:34868
33232:3494,273,616,58,302,11803,5702,1832,902,52687
27384:6846,15585,40228,18260,80035,616,35509,866,21517,7201
8660:302,654,17,29,58,616,56717,96996,84,6
41430:4194,3819,81,226,780,17,508,8,500,986
16858:83723,60589,20265
16859:23267,20266,111464,88245,38968,118169,114572,101934,24481,63215
476:1451,17,4487,245,302,70,616,654,1023,467
8670:3103,81,780,58,654,17,650,138,182,542
43078:78043,111490,899,25093,60939,61583,17,542,18593,1187
32477:669,8322,17841,80803,88867,56139,113932,17,24933,106901
25059:34915,110720,15491,56966,116140,21646,71826,102019,19227,2205
49639:1697,58,106155,8,17,302,564,6026,117915,81
488:7988,39848,92596,11945,50937,17,70326,654,1196,43110
8681:17,17225,101582,616,58,302,654,699,84,59937
490:66652,110621,87155,77552,31268,22637,88330,113827,119173,3658
17831:49001,64423,21825,56263,92244,44510,92830,29778
25069:34934,79337,78864,90650,64292,99749,23559,43210,94738,18608
494:19051,46278,79948,302,17,616,23487,59711,79130,654
500:236,17,302,616,654,58,76,8,84,650
35582:11408,3378,36743,10178,1812,32261,40483,186,216,64973
41462:73933,15111,70154,111029,85145,99389
16887:17,302,654,616,15,58,84,322,8,861
41464:34811,1326,20248,53789,1966,35229,13366,30137,46400,51905
41465:73944,6304,56803,52485,112881,77800,29436,109292,98072,50543
16890:656,17,518,616,542,8,58,302,654,508
16891:109765,20302
25084:17,1410,182,302,616,654,58,8,2733,1822
25085:58,17,302,8,29,654,616,84,736,518
16896:81,500,17,76,58,780,70,226,616,302
514:57859,93732,17,32,616,302,654,58,236,409
8711:9017,16970
41483:58,17,654,302,616,29,84,8,76,650
41484:39997,73992,22530,15,12435,71848,18607,182,37080,27008
525:17,4143,12438,98061,76,97291,302,8,654,616
8718:105316,106817,168,719,62566,102594,901,6695,39764,96400
8719:17,302,76,654,650,616,58,79378,122490,866
12376:17692,7686,13716,90038,17,2549,76972,22218,1930,40
49684:7634,236,10007,776,17,6673,14750,10682,3448,10075
41493:114467,96260,75786,32794,96286,51232,92207,20530,14390,34877
16918:20340,5648,12396,58496,6145,2946,22,6657,7048,36268
535:302,17,654,58,616,84,29,8,15,1102
536:17,28582,34086,51603,61105,65644,68328,78040,103732,302
538:17,523,44134,69008,89432,119615,121747,122837,8,84
539:524,7839,61403,65486,66880,77647,107247,17,302,616
16926:17,302,654,29,58,616,15,101,289,8
8735:19993,17,354,654,24698,10047,276,2252,2485,3900
8736:2292,17,20288,500,76,616,785,508,564,6491
16929:13312,11612,245,542,564,17,76,2724,61,518
47562:116183,56968,17282,76983,75700
33316:17,302,654,84,58,616,8,29,1102,76
41509:120167
39393:4210,616,17,302,8,84,654,58,518,101
25127:5753,289,17581,17,502,5107,616,302,564,101
8746:17,654,302,616,65,58,28213,8,15,84
8747:17,302,654,70,301,58,84,616,8,29
24669:10843,42175,34129,42220,76762,76,238,81,429,3704
16945:15625,650,568,17,302,138,7393,1349,32,58
8755:23182,46665,37270,9065,27589,86870,27582
564:65523,82399,88320,17,302,654,73823,616,58,97
8286:568,17,302,654,58,616,29,76,650,8
31497:81,17,780,58,76,262,302,226,616,654
8760:542,17,394,616,302,654,58,8,15,518
26036:112649,78214,69609,57323,67695,48817,73374,11518
16954:17,616,6346,35820,86495,58,302,654,8,3057
16113:58,17,654,302,616,29,650,8,76,84
8765:92820,61722,9075,102478,64918
8768:1344,17,120435,106813,80088,117931,52560,119582,32489,97688
16961:1451,17,70,1023,302,65,654,1382,616,1405
33346:146,2030,17,302,616,654,58,8,518,61
8771:17,616,84,518,1102,302,8,654,58,16975
582:18729,64904,90274,101136,103038,117369,119605,121168,17,302
33352:2162,875,899,17,48,1187,1119,6450,84,302
585:17,354,570,5212,7915,38477,53096,66647,71971,74301
33355:40920,16596,18435,37380,37462,9222,1546,57335,25615,19474
16972:45198,20417
590:17,575,3859,23072,30306,30971,34664,38664,39073,39290
21944:12859,15,101,17,616,654,61,2030,58,302
39652:69054,81446,90188,9429,119350,9207
25171:8946,1970,17,302,616,654,4398,58,8,76
8788:26392,78168,83777,85346,94450,98718,106962,111307,112199,112818
8789:508,17,4755,826,616,9098,66242,75654,90656,91040
8790:9289,8321,15685,61049,38027,17368,73484,17898,9101,58417
16983:616,58,17,302,654,564,736,8,76,84
601:51329,27493,583,31717,226,90819,90054,27912,121660,94414
25181:4755,1352,10041,1527,2880,3107,189,3172,4825,17
33374:53066,87949,96177,54167,2345,429,33055,92196,63121,25
25183:2813,518,8,84,564,748,17,103,542,2076
16993:6,302,17,654,58,616,29,84,8,15
8802:17,58,84,302,654,76,616,1102,8,29
25189:1155,17,542,26191,616,654,698,70,302,564
48668:9127,5671,10348,17271,8345,741,22420,29000,13581,57558
41575:76,17,168,302,564,616,654,58,650,8
618:81,70,17,698,302,616,654,58,76,226
32871:21141,285,15,542,17,289,12886,8,58,238
8812:81,17,780,226,70,76,262,302,654,1888
17006:58,17,302,654,616,698,358,29,76,650
17007:17,302,84,654,1102,58,616,8,29,6
624:378,17,8,76,508,84,302,518,616,654
42462:54083,105848,122573,82837,46623
627:13348,14210,36266,110991,607,31368,41261,27412,79211,68242
628:47601,2051,10244,8,17390,11,71695,18449,59548,2070
8822:86572,44043,8725,114203,22048,24097,74274,118822,70711,109628
632:225,98495,98961,35604,4795,37824,44659,45161,116791,18948
633:17,46371,616,302,654,58,542,8,861,1725
634:81,17,2967,226,70,76,616,58,302,508
17020:193,302,17,58,616,654,8,29,650,564
36393:81379,60311
33406:38137,10114,76,2130,226,6447,4708,14951,14961,683
33409:6068,518,8,17,5887,1201,10860,25363,84,58
646:866,361,17,28735,83231,101945,2139,698,3761,8993
17034:361,866,17,254,302,654,76,354,58,616
42030:15201,302,616,58,17,654,564,650,1549,6
8844:9152,2121,12927,17,1109,4205,873,13449,138,182
33421:8759,24687,4671,7622,2543,311,8772,5975,20419,76
49809:89966,47352,6467,39302,12009,54903,10333
8850:1352,189,4755,1527,3107,10041,2880,1712,378,3172
8852:226,17,70,616,76,302,654,58,81,138
33432:8,17,84,518,302,616,654,58,1102,101
42436:1208,17,8,518,616,931,58,76,245,508
666:98328,16427,106709,90372,649,66201,41864,103974,9625,106774
667:650,17,508,302,616,654,58,8,76,518
35211:63052,57404,75903,35191,49796,105317,69907,1356,1884,6905
669:2869,652,518,46436,17,10493,500,736,11470,1803
8862:947,17,1208,84,8,302,616,654,518,245
8863:17,616,302,108736,654,84,58,76,650,8
17056:302,616,17,654,58,29,84,8,650,76
15131:42835,21184,39390,262,29064,1419,43660,13585,111634,25237
8868:84,17,302,8,65,654,873,1102,518,616
25253:1913,2265,76,17,2848,6387,361,616,302,698
678:21468,31183,33883,38936,39144,44074,46339,47010,59376,73159
25255:398,17,302,616,24905,8,58,4026,8503,84
680:302,17,76,616,654,58,542,564,8,29
681:37652,97017,564,17,63040,76,1002,245,616,353
682:15007,52216,118525,39764,59307,107461,97487,110552,11759,9491
683:663,6740,66734,89303,113893,32065,110546,111888,34823,15
684:2548,103017,87814,93731,61899,2153,168,1400,16750,84317
8877:17,616,302,654,542,518,58,94,8,70
33454:12670,11637,17,6435,36630,1608,947,13277,61444,33126
25263:21682,98908,35312,44093,16452,42585,12420,26249,19701,67372
17074:49224,86900,111008,20586,112782,13696,95682,1749,4021,37082
36979:61855,36370,79389,38541,116610
17079:1499,17,616,302,58,518,654,8,76,542
18845:17,245,616,302,1109,654,58,656,15,542
8889:873,17,675,302,8,654,76,84,616,1644
8890:70,17,226,302,654,138,616,76,84,58
25280:35345,120476,75169,99906,44643,81572,91238,16007,79580,72490
25283:441,2917,8928,17,1002,1410,710,1744,245,4513
8900:17,302,654,58,616,84,236,8,29,76
17097:873,17,302,84,654,8,58,616,76,518
8906:17,107191,302,70,654,29,138,616,226,58
715:203,22560,38083,94892,695,113112,108342,80360,19806,77269
716:17,616,302,654,58,542,861,642,650,8
8912:70,226,17,302,654,138,616,76,58,84
8913:1712,3196,13049,840,2548,5111,2055,4755,1352,157
25298:35380,12045,43876,44872,102611,19200,2944,89987,120263,650
8915:17,616,8,84,302,654,58,518,354,736
8916:1357,302,17,654,616,2464,650,58,8,542
25301:35387,49152,4097,8200,117771,61964,90640,37908,74271,97713
8920:3137,81,17,780,226,731,5767,70,76,262
29465:2769,17,58,654,13342,301,35632,302,616,1102
17115:3717,3484,55222,2194,40,8008,564,4292,245,17
8924:564,70,17,302,616,76,654,27885,49726,59171
17117:1539,3704,931,17,36174,45219,113540,114014,20659,95267
17118:17,101,289,616,302,58,654,409,8,518
21968:301,17,500,654,302,58,616,1744,84,8
8931:17,38222,52181,99676,8539,118034,302,69679,654,616
741:363,17,719,14988,90428,616,302,654,168,76
20756:13126,17,76,61,70,81,84,138,179,238
8935:17,9253,65430,81128,107232,302,91284,654,51816,245
8936:17156,9254,109384,54180,89051,736,6306,40588
27431:500,17,76,81,70,58,616,8,226,654
21029:25793,39390,29064,54625,2275,111634,1921,101931,70277,17161
750:107056,116244,53738,86567,36729,42091,60605,90527,2348,26178
45341:191,62,285,12612,596,6752,32200,120,409,616
754:72046,17,33532,302,616,60004,36791,654,8,58
756:17,302,654,58,29,60956,616,285,1217,8105
757:736,103819,8217,41798,107429,107989,43254,111953,123227,118389
758:650,564,17,302,77634,80038,616,15676,62,654
19241:17,302,654,616,58,84,8,29,76,518
33528:8493,51952,17,76,81,861,58360,3223,1405,1693
763:302,17,654,616,58,18181,72289,81413,95989,122653
49916:866,17,361,302,654,29,84,354,58,76
8958:17,302,654,58,616,61,84,8,29,162
49399:102050,21485,88202,123302,113870,32977,30716
17154:33574,24997,34196,20730,28590,24225,24016,81,83102,42610
19243:888,17,302,654,616,98691,106562,46981,80249,25611
773:1709,5017,17,302,654,616,8,58,84,650
774:1399,18600,21170,27766,43468,52893,55989,74398,87086,88451
775:15934,105501,13070,559,17,70585,75768,41990,119173,95380
47994:93950,46210,2757,57034,57868,39796,29174,86872,106585
33547:120637,96260,75786,32794,96286,51232,92207,20530,14390,34877
17164:70,17,226,302,654,616,76,138,84,58
17165:32,17,568,356,302,616,654,58,8,542
782:29488,34830,42772,49093,57739,60924,62955,70447,73370,78934
784:13471,30873,41809,42065,46434,47033,47192,81322,93871,100771
33554:113985,101276,108413
33557:23911,11300,66812,65327,53519,10020,19350,86058,99983,86808
8984:9738,6659,22064,9324,70340,9725,352,9345,162,25127
793:67554,72192,86885,91224,102654,112169,40393,17,97273,24718
17178:45900,41038,20769,92781,111199
29029:708,17,302,58,616,654,650,29,15,32
803:899,17,48,1187,2162,875,302,84,654,1119
32902:76771,1055
17191:3599,101545,86776,94606,64329,17,226,14929,564,654
9000:17,654,58,302,84,616,289,101,354,8
9001:3514,4589,8694,601,4797,353,1951,37744,94,17
17195:616,17,394,302,483,654,58,8,591,650
25388:48784,6293,57884,31623,55467,95212,50163,101496,72972,73103
813:27546,50189,81592,97930,101593,17,58,616,302,796
33582:53577,94978,75018,2898,103141,30598
815:798,33177,36077,39208,42532,117565,17,616,17875,63484
817:17,302,654,84,58,354,616,29,1102,8
818:168,719,12657,661,1400,984,801,94000,51150,84374
9013:596,17,285,654,58,616,302,29,62,15
33590:1245,17,302,654,616,58,892,224,650,29
823:508,10855,55720,116908,17,1002,245,616,8,302
17208:5726,4979,385,10543,33223,805,13133,22801,18892,28166
825:26846,37124,69841,70670,97000,108620,113268,8971,84074,17
34398:21294,60185,56838,74678,99123,18059,25306,26415,4453,25510
43829:80578
9024:17,1499,616,302,430,58,654,650,542,8
833:30250,44353,114738,94634,74526,41290,30100,34618,37718,67317
25410:22606,17,8,518,654,32,302,84,138,70
835:17,8718,69721,97370,8,302,654,616,58,84
25412:35592,45056,102401,112140,80902,50696,73737,79371,89100,5137
838:10175,857,8066,817,219,131,8392,862,12861,7210
27447:533,1397,4889,9054,2510,43334,86127,52634,14268,5975
844:17,302,654,616,14874,21262,65280,111548,112384,84
46562:88661
33614:16648,75309,3,43013,65542,73735,8,15,47120,4113
33615:8,17,518,84,302,616,654,58,1102,101
33616:10995,42009,48585,41065,7372,3509,22597,81,61651,262
850:361,866,17,302,654,354,76,29,84,58
8334:322,17,654,58,616,302,15,29,8,542
25430:35637,92544,40065,44930,63491,62213,56070,54663,26504,43020
50007:13387,131,5117,119,5699,30543,38,94,103,165
